0,404
0,403
0,402
0,401
0,400
0,399
0,398
0,397
0,396
0,395
0,394
0,393
0,392
32,3
32,2
0,391
32,1
32,0
0,390
31,5
0,389
0,388
31,4
31,3
31,2
31,1
31,0
0,387
0,386
0,385
30,4
30,3
30,2
30,1
30,0
0,384
0,278
0,319
0,318
29,3
29,2
29,1
29,0
28,3
28,2
28,1
28,0
0,317
0,316
27,4
27,3
27,2
0,283
0,243
27,1
27,0
26,3
26,2
0,9
26,1
26,0
25,52
25,51
25,50
25,49
25,48
25,47
25,46
25,45
25,44
25,43
25,42
25,41
25,40
25,39
25,38
25,37
25,36
25,35
10,120
10,96
10,136
10,72
10,110
10,220
10,118
10,122
8,14
8,13
8,5
8,10
8,6
8,12
8,1
8,8
